625
25
25
0
1
0
0
0
0
10
1
0
1
0
0
1
0
1
10
0
0
2
0
0
2
0
2
10
0
0
3
1
0
3
0
3
10
1
0
4
1
0
4
0
4
10
1
0
5
1
0
5
0
5
10
1
0
6
1
0
6
0
6
10
1
0
7
0
0
7
0
7
10
0
0
8
0
0
8
0
8
10
0
0
9
0
0
9
0
9
10
0
0
10
0
0
10
0
10
10
0
0
11
-1
0
11
0
11
10
-1
0
12
0
0
12
0
12
10
0
0
13
0
0
13
0
13
10
0
0
14
0
0
14
0
14
10
0
0
15
0
0
15
0
15
10
0
0
16
1
0
16
0
16
10
1
0
17
1
0
17
0
17
10
1
0
18
1
0
18
0
18
10
1
0
19
1
0
19
0
19
10
1
0
20
0
0
20
0
20
10
0
0
21
1
0
21
0
21
10
1
0
22
1
0
22
0
22
10
1
0
23
1
0
23
0
23
10
1
0
24
1
0
24
0
24
10
1
0
0
1
1
0
1
25
10
1
0
1
0
1
1
1
26
10
0
0
2
0
1
2
1
27
10
0
0
3
1
1
3
1
28
10
1
0
4
1
1
4
1
29
10
1
0
5
1
1
5
1
30
10
1
0
6
1
1
6
1
31
10
1
0
7
0
1
7
1
32
10
0
0
8
0
1
8
1
33
10
0
0
9
0
1
9
1
34
10
0
0
10
0
1
10
1
35
10
0
0
11
-1
1
11
1
36
10
-1
0
12
0
1
12
1
37
10
0
0
13
0
1
13
1
38
10
0
0
14
0
1
14
1
39
10
0
0
15
0
1
15
1
40
10
0
0
16
1
1
16
1
41
10
1
0
17
1
1
17
1
42
10
1
0
18
1
1
18
1
43
10
1
0
19
1
1
19
1
44
10
1
0
20
0
1
20
1
45
10
0
0
21
1
1
21
1
46
10
1
0
22
1
1
22
1
47
10
1
0
23
1
1
23
1
48
10
1
0
24
1
1
24
1
49
10
1
0
0
1
2
0
2
50
10
1
0
1
0
2
1
2
51
10
0
0
2
0
2
2
2
52
10
0
0
3
0
2
3
2
53
10
0
0
4
0
2
4
2
54
10
0
0
5
0
2
5
2
55
10
0
0
6
0
2
6
2
56
10
0
0
7
0
2
7
2
57
10
0
0
8
0
2
8
2
58
10
0
0
9
0
2
9
2
59
10
0
0
10
0
2
10
2
60
10
0
0
11
-1
2
11
2
61
10
-1
0
12
0
2
12
2
62
10
0
0
13
1
2
13
2
63
10
1
0
14
1
2
14
2
64
10
1
0
15
0
2
15
2
65
10
0
0
16
1
2
16
2
66
10
1
0
17
1
2
17
2
67
10
1
0
18
1
2
18
2
68
10
1
0
19
1
2
19
2
69
10
1
0
20
0
2
20
2
70
10
0
0
21
1
2
21
2
71
10
1
0
22
1
2
22
2
72
10
1
0
23
1
2
23
2
73
10
1
0
24
1
2
24
2
74
10
1
0
0
1
3
0
3
75
10
1
0
1
0
3
1
3
76
10
0
0
2
0
3
2
3
77
10
0
0
3
0
3
3
3
78
10
0
0
4
0
3
4
3
79
10
0
0
5
0
3
5
3
80
10
0
0
6
0
3
6
3
81
10
0
0
7
0
3
7
3
82
10
0
0
8
0
3
8
3
83
10
0
0
9
0
3
9
3
84
10
0
0
10
0
3
10
3
85
10
0
0
11
-1
3
11
3
86
10
-1
0
12
0
3
12
3
87
10
0
0
13
1
3
13
3
88
10
1
0
14
1
3
14
3
89
10
1
0
15
0
3
15
3
90
10
0
0
16
1
3
16
3
91
10
1
0
17
1
3
17
3
92
10
1
0
18
1
3
18
3
93
10
1
0
19
1
3
19
3
94
10
1
0
20
0
3
20
3
95
10
0
0
21
1
3
21
3
96
10
1
0
22
1
3
22
3
97
10
1
0
23
1
3
23
3
98
10
1
0
24
1
3
24
3
99
10
1
0
0
1
4
0
4
100
10
1
0
1
0
4
1
4
101
10
0
0
2
0
4
2
4
102
10
0
0
3
1
4
3
4
103
10
1
0
4
1
4
4
4
104
10
1
0
5
1
4
5
4
105
10
1
0
6
1
4
6
4
106
10
1
0
7
0
4
7
4
107
10
0
0
8
0
4
8
4
108
10
0
0
9
0
4
9
4
109
10
0
0
10
0
4
10
4
110
10
0
0
11
-1
4
11
4
111
10
-1
0
12
0
4
12
4
112
10
0
0
13
1
4
13
4
113
10
1
0
14
1
4
14
4
114
10
1
0
15
0
4
15
4
115
10
0
0
16
1
4
16
4
116
10
1
0
17
1
4
17
4
117
10
1
0
18
1
4
18
4
118
10
1
0
19
1
4
19
4
119
10
1
0
20
0
4
20
4
120
10
0
0
21
1
4
21
4
121
10
1
0
22
1
4
22
4
122
10
1
0
23
1
4
23
4
123
10
1
0
24
1
4
24
4
124
10
1
0
0
1
5
0
5
125
10
1
0
1
0
5
1
5
126
10
0
0
2
0
5
2
5
127
10
0
0
3
1
5
3
5
128
10
1
0
4
1
5
4
5
129
10
1
0
5
1
5
5
5
130
10
1
0
6
1
5
6
5
131
10
1
0
7
0
5
7
5
132
10
0
0
8
1
5
8
5
133
10
1
0
9
1
5
9
5
134
10
1
0
10
0
5
10
5
135
10
0
0
11
-1
5
11
5
136
10
-1
0
12
0
5
12
5
137
10
0
0
13
0
5
13
5
138
10
0
0
14
0
5
14
5
139
10
0
0
15
0
5
15
5
140
10
0
0
16
0
5
16
5
141
10
0
0
17
0
5
17
5
142
10
0
0
18
0
5
18
5
143
10
0
0
19
0
5
19
5
144
10
0
0
20
0
5
20
5
145
10
0
0
21
1
5
21
5
146
10
1
0
22
1
5
22
5
147
10
1
0
23
1
5
23
5
148
10
1
0
24
1
5
24
5
149
10
1
0
0
1
6
0
6
150
10
1
0
1
0
6
1
6
151
10
0
0
2
0
6
2
6
152
10
0
0
3
1
6
3
6
153
10
1
0
4
1
6
4
6
154
10
1
0
5
1
6
5
6
155
10
1
0
6
1
6
6
6
156
10
1
0
7
0
6
7
6
157
10
0
0
8
1
6
8
6
158
10
1
0
9
1
6
9
6
159
10
1
0
10
0
6
10
6
160
10
0
0
11
-1
6
11
6
161
10
-1
0
12
0
6
12
6
162
10
0
0
13
0
6
13
6
163
10
0
0
14
0
6
14
6
164
10
0
0
15
0
6
15
6
165
10
0
0
16
0
6
16
6
166
10
0
0
17
0
6
17
6
167
10
0
0
18
0
6
18
6
168
10
0
0
19
0
6
19
6
169
10
0
0
20
0
6
20
6
170
10
0
0
21
1
6
21
6
171
10
1
0
22
1
6
22
6
172
10
1
0
23
1
6
23
6
173
10
1
0
24
1
6
24
6
174
10
1
0
0
1
7
0
7
175
10
1
0
1
0
7
1
7
176
10
0
0
2
0
7
2
7
177
10
0
0
3
1
7
3
7
178
10
1
0
4
1
7
4
7
179
10
1
0
5
1
7
5
7
180
10
1
0
6
1
7
6
7
181
10
1
0
7
0
7
7
7
182
10
0
0
8
1
7
8
7
183
10
1
0
9
1
7
9
7
184
10
1
0
10
0
7
10
7
185
10
0
0
11
-1
7
11
7
186
10
-1
0
12
1
7
12
7
187
10
1
0
13
1
7
13
7
188
10
1
0
14
0
7
14
7
189
10
0
0
15
0
7
15
7
190
10
0
0
16
1
7
16
7
191
10
1
0
17
1
7
17
7
192
10
1
0
18
1
7
18
7
193
10
1
0
19
1
7
19
7
194
10
1
0
20
0
7
20
7
195
10
0
0
21
1
7
21
7
196
10
1
0
22
1
7
22
7
197
10
1
0
23
1
7
23
7
198
10
1
0
24
1
7
24
7
199
10
1
0
0
1
8
0
8
200
10
1
0
1
0
8
1
8
201
10
0
0
2
0
8
2
8
202
10
0
0
3
1
8
3
8
203
10
1
0
4
1
8
4
8
204
10
1
0
5
1
8
5
8
205
10
1
0
6
1
8
6
8
206
10
1
0
7
0
8
7
8
207
10
0
0
8
1
8
8
8
208
10
1
0
9
1
8
9
8
209
10
1
0
10
0
8
10
8
210
10
0
0
11
-1
8
11
8
211
10
-1
0
12
1
8
12
8
212
10
1
0
13
1
8
13
8
213
10
1
0
14
0
8
14
8
214
10
0
0
15
0
8
15
8
215
10
0
0
16
1
8
16
8
216
10
1
0
17
1
8
17
8
217
10
1
0
18
1
8
18
8
218
10
1
0
19
1
8
19
8
219
10
1
0
20
0
8
20
8
220
10
0
0
21
1
8
21
8
221
10
1
0
22
1
8
22
8
222
10
1
0
23
1
8
23
8
223
10
1
0
24
1
8
24
8
224
10
1
0
0
1
9
0
9
225
10
1
0
1
0
9
1
9
226
10
0
0
2
0
9
2
9
227
10
0
0
3
1
9
3
9
228
10
1
0
4
1
9
4
9
229
10
1
0
5
1
9
5
9
230
10
1
0
6
1
9
6
9
231
10
1
0
7
0
9
7
9
232
10
0
0
8
0
9
8
9
233
10
0
0
9
0
9
9
9
234
10
0
0
10
0
9
10
9
235
10
0
0
11
-1
9
11
9
236
10
-1
0
12
1
9
12
9
237
10
1
0
13
1
9
13
9
238
10
1
0
14
0
9
14
9
239
10
0
0
15
0
9
15
9
240
10
0
0
16
1
9
16
9
241
10
1
0
17
1
9
17
9
242
10
1
0
18
1
9
18
9
243
10
1
0
19
1
9
19
9
244
10
1
0
20
0
9
20
9
245
10
0
0
21
1
9
21
9
246
10
1
0
22
1
9
22
9
247
10
1
0
23
1
9
23
9
248
10
1
0
24
1
9
24
9
249
10
1
0
0
1
10
0
10
250
10
1
0
1
0
10
1
10
251
10
0
0
2
0
10
2
10
252
10
0
0
3
0
10
3
10
253
10
0
0
4
0
10
4
10
254
10
0
0
5
1
10
5
10
255
10
1
0
6
1
10
6
10
256
10
1
0
7
0
10
7
10
257
10
0
0
8
0
10
8
10
258
10
0
0
9
0
10
9
10
259
10
0
0
10
0
10
10
10
260
10
0
0
11
-1
10
11
10
261
10
-1
0
12
0
10
12
10
262
10
0
0
13
0
10
13
10
263
10
0
0
14
0
10
14
10
264
10
0
0
15
0
10
15
10
265
10
0
0
16
1
10
16
10
266
10
1
0
17
1
10
17
10
267
10
1
0
18
1
10
18
10
268
10
1
0
19
1
10
19
10
269
10
1
0
20
0
10
20
10
270
10
0
0
21
1
10
21
10
271
10
1
0
22
1
10
22
10
272
10
1
0
23
1
10
23
10
273
10
1
0
24
1
10
24
10
274
10
1
0
0
1
11
0
11
275
10
1
0
1
0
11
1
11
276
10
0
0
2
0
11
2
11
277
10
0
0
3
0
11
3
11
278
10
0
0
4
0
11
4
11
279
10
0
0
5
1
11
5
11
280
10
1
0
6
1
11
6
11
281
10
1
0
7
0
11
7
11
282
10
0
0
8
1
11
8
11
283
10
1
0
9
1
11
9
11
284
10
1
0
10
0
11
10
11
285
10
0
0
11
-1
11
11
11
286
10
-1
0
12
0
11
12
11
287
10
0
0
13
0
11
13
11
288
10
0
0
14
0
11
14
11
289
10
0
0
15
0
11
15
11
290
10
0
0
16
0
11
16
11
291
10
0
0
17
0
11
17
11
292
10
0
0
18
0
11
18
11
293
10
0
0
19
0
11
19
11
294
10
0
0
20
0
11
20
11
295
10
0
0
21
1
11
21
11
296
10
1
0
22
1
11
22
11
297
10
1
0
23
1
11
23
11
298
10
1
0
24
1
11
24
11
299
10
1
0
0
1
12
0
12
300
10
1
0
1
0
12
1
12
301
10
0
0
2
0
12
2
12
302
10
0
0
3
0
12
3
12
303
10
0
0
4
0
12
4
12
304
10
0
0
5
1
12
5
12
305
10
1
0
6
1
12
6
12
306
10
1
0
7
0
12
7
12
307
10
0
0
8
1
12
8
12
308
10
1
0
9
1
12
9
12
309
10
1
0
10
0
12
10
12
310
10
0
0
11
-1
12
11
12
311
10
-1
0
12
0
12
12
12
312
10
0
0
13
0
12
13
12
313
10
0
0
14
0
12
14
12
314
10
0
0
15
0
12
15
12
315
10
0
0
16
0
12
16
12
316
10
0
0
17
0
12
17
12
317
10
0
0
18
0
12
18
12
318
10
0
0
19
0
12
19
12
319
10
0
0
20
0
12
20
12
320
10
0
0
21
1
12
21
12
321
10
1
0
22
1
12
22
12
322
10
1
0
23
1
12
23
12
323
10
1
0
24
1
12
24
12
324
10
1
0
0
1
13
0
13
325
10
1
0
1
0
13
1
13
326
10
0
0
2
0
13
2
13
327
10
0
0
3
0
13
3
13
328
10
0
0
4
0
13
4
13
329
10
0
0
5
0
13
5
13
330
10
0
0
6
0
13
6
13
331
10
0
0
7
0
13
7
13
332
10
0
0
8
1
13
8
13
333
10
1
0
9
1
13
9
13
334
10
1
0
10
0
13
10
13
335
10
0
0
11
-1
13
11
13
336
10
-1
0
12
0
13
12
13
337
10
0
0
13
0
13
13
13
338
10
0
0
14
0
13
14
13
339
10
0
0
15
1
13
15
13
340
10
1
0
16
0
13
16
13
341
10
0
0
17
0
13
17
13
342
10
0
0
18
0
13
18
13
343
10
0
0
19
0
13
19
13
344
10
0
0
20
0
13
20
13
345
10
0
0
21
0
13
21
13
346
10
0
0
22
0
13
22
13
347
10
0
0
23
0
13
23
13
348
10
0
0
24
0
13
24
13
349
10
0
0
0
1
14
0
14
350
10
1
0
1
0
14
1
14
351
10
0
0
2
0
14
2
14
352
10
0
0
3
0
14
3
14
353
10
0
0
4
0
14
4
14
354
10
0
0
5
0
14
5
14
355
10
0
0
6
0
14
6
14
356
10
0
0
7
0
14
7
14
357
10
0
0
8
0
14
8
14
358
10
0
0
9
0
14
9
14
359
10
0
0
10
0
14
10
14
360
10
0
0
11
-1
14
11
14
361
10
-1
0
12
0
14
12
14
362
10
0
0
13
0
14
13
14
363
10
0
0
14
0
14
14
14
364
10
0
0
15
1
14
15
14
365
10
1
0
16
1
14
16
14
366
10
1
0
17
1
14
17
14
367
10
1
0
18
0
14
18
14
368
10
0
0
19
0
14
19
14
369
10
0
0
20
0
14
20
14
370
10
0
0
21
0
14
21
14
371
10
0
0
22
0
14
22
14
372
10
0
0
23
0
14
23
14
373
10
0
0
24
0
14
24
14
374
10
0
0
0
1
15
0
15
375
10
1
0
1
1
15
1
15
376
10
1
0
2
1
15
2
15
377
10
1
0
3
1
15
3
15
378
10
1
0
4
0
15
4
15
379
10
0
0
5
0
15
5
15
380
10
0
0
6
0
15
6
15
381
10
0
0
7
0
15
7
15
382
10
0
0
8
0
15
8
15
383
10
0
0
9
0
15
9
15
384
10
0
0
10
0
15
10
15
385
10
0
0
11
-1
15
11
15
386
10
-1
0
12
0
15
12
15
387
10
0
0
13
0
15
13
15
388
10
0
0
14
0
15
14
15
389
10
0
0
15
1
15
15
15
390
10
1
0
16
1
15
16
15
391
10
1
0
17
1
15
17
15
392
10
1
0
18
0
15
18
15
393
10
0
0
19
0
15
19
15
394
10
0
0
20
0
15
20
15
395
10
0
0
21
0
15
21
15
396
10
0
0
22
0
15
22
15
397
10
0
0
23
0
15
23
15
398
10
0
0
24
0
15
24
15
399
10
0
0
0
1
16
0
16
400
10
1
0
1
1
16
1
16
401
10
1
0
2
1
16
2
16
402
10
1
0
3
1
16
3
16
403
10
1
0
4
0
16
4
16
404
10
0
0
5
0
16
5
16
405
10
0
0
6
0
16
6
16
406
10
0
0
7
0
16
7
16
407
10
0
0
8
0
16
8
16
408
10
0
0
9
0
16
9
16
409
10
0
0
10
0
16
10
16
410
10
0
0
11
-1
16
11
16
411
10
-1
0
12
0
16
12
16
412
10
0
0
13
0
16
13
16
413
10
0
0
14
0
16
14
16
414
10
0
0
15
0
16
15
16
415
10
0
0
16
0
16
16
16
416
10
0
0
17
0
16
17
16
417
10
0
0
18
0
16
18
16
418
10
0
0
19
0
16
19
16
419
10
0
0
20
0
16
20
16
420
10
0
0
21
0
16
21
16
421
10
0
0
22
0
16
22
16
422
10
0
0
23
0
16
23
16
423
10
0
0
24
0
16
24
16
424
10
0
0
0
1
17
0
17
425
10
1
0
1
0
17
1
17
426
10
0
0
2
0
17
2
17
427
10
0
0
3
0
17
3
17
428
10
0
0
4
0
17
4
17
429
10
0
0
5
0
17
5
17
430
10
0
0
6
0
17
6
17
431
10
0
0
7
0
17
7
17
432
10
0
0
8
0
17
8
17
433
10
0
0
9
0
17
9
17
434
10
0
0
10
0
17
10
17
435
10
0
0
11
-1
17
11
17
436
10
-1
0
12
0
17
12
17
437
10
0
0
13
0
17
13
17
438
10
0
0
14
0
17
14
17
439
10
0
0
15
0
17
15
17
440
10
0
0
16
0
17
16
17
441
10
0
0
17
0
17
17
17
442
10
0
0
18
0
17
18
17
443
10
0
0
19
0
17
19
17
444
10
0
0
20
0
17
20
17
445
10
0
0
21
0
17
21
17
446
10
0
0
22
0
17
22
17
447
10
0
0
23
0
17
23
17
448
10
0
0
24
0
17
24
17
449
10
0
0
0
1
18
0
18
450
10
1
0
1
0
18
1
18
451
10
0
0
2
0
18
2
18
452
10
0
0
3
0
18
3
18
453
10
0
0
4
0
18
4
18
454
10
0
0
5
0
18
5
18
455
10
0
0
6
0
18
6
18
456
10
0
0
7
0
18
7
18
457
10
0
0
8
0
18
8
18
458
10
0
0
9
0
18
9
18
459
10
0
0
10
0
18
10
18
460
10
0
0
11
-1
18
11
18
461
10
-1
0
12
0
18
12
18
462
10
0
0
13
0
18
13
18
463
10
0
0
14
0
18
14
18
464
10
0
0
15
0
18
15
18
465
10
0
0
16
0
18
16
18
466
10
0
0
17
0
18
17
18
467
10
0
0
18
0
18
18
18
468
10
0
0
19
0
18
19
18
469
10
0
0
20
0
18
20
18
470
10
0
0
21
0
18
21
18
471
10
0
0
22
0
18
22
18
472
10
0
0
23
0
18
23
18
473
10
0
0
24
0
18
24
18
474
10
0
0
0
1
19
0
19
475
10
1
0
1
1
19
1
19
476
10
1
0
2
1
19
2
19
477
10
1
0
3
1
19
3
19
478
10
1
0
4
1
19
4
19
479
10
1
0
5
1
19
5
19
480
10
1
0
6
1
19
6
19
481
10
1
0
7
1
19
7
19
482
10
1
0
8
1
19
8
19
483
10
1
0
9
1
19
9
19
484
10
1
0
10
1
19
10
19
485
10
1
0
11
1
19
11
19
486
10
1
0
12
1
19
12
19
487
10
1
0
13
1
19
13
19
488
10
1
0
14
1
19
14
19
489
10
1
0
15
1
19
15
19
490
10
1
0
16
1
19
16
19
491
10
1
0
17
1
19
17
19
492
10
1
0
18
1
19
18
19
493
10
1
0
19
1
19
19
19
494
10
1
0
20
1
19
20
19
495
10
1
0
21
1
19
21
19
496
10
1
0
22
1
19
22
19
497
10
1
0
23
1
19
23
19
498
10
1
0
24
1
19
24
19
499
10
1
0
0
1
20
0
20
500
10
1
0
1
1
20
1
20
501
10
1
0
2
1
20
2
20
502
10
1
0
3
1
20
3
20
503
10
1
0
4
1
20
4
20
504
10
1
0
5
1
20
5
20
505
10
1
0
6
1
20
6
20
506
10
1
0
7
1
20
7
20
507
10
1
0
8
1
20
8
20
508
10
1
0
9
1
20
9
20
509
10
1
0
10
1
20
10
20
510
10
1
0
11
1
20
11
20
511
10
1
0
12
1
20
12
20
512
10
1
0
13
1
20
13
20
513
10
1
0
14
1
20
14
20
514
10
1
0
15
1
20
15
20
515
10
1
0
16
1
20
16
20
516
10
1
0
17
1
20
17
20
517
10
1
0
18
1
20
18
20
518
10
1
0
19
1
20
19
20
519
10
1
0
20
1
20
20
20
520
10
1
0
21
1
20
21
20
521
10
1
0
22
1
20
22
20
522
10
1
0
23
1
20
23
20
523
10
1
0
24
1
20
24
20
524
10
1
0
0
1
21
0
21
525
10
1
0
1
1
21
1
21
526
10
1
0
2
1
21
2
21
527
10
1
0
3
1
21
3
21
528
10
1
0
4
1
21
4
21
529
10
1
0
5
1
21
5
21
530
10
1
0
6
1
21
6
21
531
10
1
0
7
1
21
7
21
532
10
1
0
8
1
21
8
21
533
10
1
0
9
1
21
9
21
534
10
1
0
10
1
21
10
21
535
10
1
0
11
1
21
11
21
536
10
1
0
12
1
21
12
21
537
10
1
0
13
1
21
13
21
538
10
1
0
14
1
21
14
21
539
10
1
0
15
1
21
15
21
540
10
1
0
16
1
21
16
21
541
10
1
0
17
1
21
17
21
542
10
1
0
18
1
21
18
21
543
10
1
0
19
1
21
19
21
544
10
1
0
20
1
21
20
21
545
10
1
0
21
1
21
21
21
546
10
1
0
22
1
21
22
21
547
10
1
0
23
1
21
23
21
548
10
1
0
24
1
21
24
21
549
10
1
0
0
1
22
0
22
550
10
1
0
1
1
22
1
22
551
10
1
0
2
1
22
2
22
552
10
1
0
3
1
22
3
22
553
10
1
0
4
1
22
4
22
554
10
1
0
5
1
22
5
22
555
10
1
0
6
1
22
6
22
556
10
1
0
7
1
22
7
22
557
10
1
0
8
1
22
8
22
558
10
1
0
9
1
22
9
22
559
10
1
0
10
1
22
10
22
560
10
1
0
11
1
22
11
22
561
10
1
0
12
1
22
12
22
562
10
1
0
13
1
22
13
22
563
10
1
0
14
1
22
14
22
564
10
1
0
15
1
22
15
22
565
10
1
0
16
1
22
16
22
566
10
1
0
17
1
22
17
22
567
10
1
0
18
1
22
18
22
568
10
1
0
19
1
22
19
22
569
10
1
0
20
1
22
20
22
570
10
1
0
21
1
22
21
22
571
10
1
0
22
1
22
22
22
572
10
1
0
23
1
22
23
22
573
10
1
0
24
1
22
24
22
574
10
1
0
0
1
23
0
23
575
10
1
0
1
1
23
1
23
576
10
1
0
2
1
23
2
23
577
10
1
0
3
1
23
3
23
578
10
1
0
4
1
23
4
23
579
10
1
0
5
1
23
5
23
580
10
1
0
6
1
23
6
23
581
10
1
0
7
1
23
7
23
582
10
1
0
8
1
23
8
23
583
10
1
0
9
1
23
9
23
584
10
1
0
10
1
23
10
23
585
10
1
0
11
1
23
11
23
586
10
1
0
12
1
23
12
23
587
10
1
0
13
1
23
13
23
588
10
1
0
14
1
23
14
23
589
10
1
0
15
1
23
15
23
590
10
1
0
16
1
23
16
23
591
10
1
0
17
1
23
17
23
592
10
1
0
18
1
23
18
23
593
10
1
0
19
1
23
19
23
594
10
1
0
20
1
23
20
23
595
10
1
0
21
1
23
21
23
596
10
1
0
22
1
23
22
23
597
10
1
0
23
1
23
23
23
598
10
1
0
24
1
23
24
23
599
10
1
0
0
1
24
0
24
600
10
1
0
1
1
24
1
24
601
10
1
0
2
1
24
2
24
602
10
1
0
3
1
24
3
24
603
10
1
0
4
1
24
4
24
604
10
1
0
5
1
24
5
24
605
10
1
0
6
1
24
6
24
606
10
1
0
7
1
24
7
24
607
10
1
0
8
1
24
8
24
608
10
1
0
9
1
24
9
24
609
10
1
0
10
1
24
10
24
610
10
1
0
11
1
24
11
24
611
10
1
0
12
1
24
12
24
612
10
1
0
13
1
24
13
24
613
10
1
0
14
1
24
14
24
614
10
1
0
15
1
24
15
24
615
10
1
0
16
1
24
16
24
616
10
1
0
17
1
24
17
24
617
10
1
0
18
1
24
18
24
618
10
1
0
19
1
24
19
24
619
10
1
0
20
1
24
20
24
620
10
1
0
21
1
24
21
24
621
10
1
0
22
1
24
22
24
622
10
1
0
23
1
24
23
24
623
10
1
0
24
1
24
24
24
624
10
1
0
